accX,accY,accZ,gyroX,gyroY,gyroZ,pitch,roll,yaw
0.14,0.80,0.63,-6.96,-6.84,-10.38,-0.59,1.50,-8.92
0.21,0.78,-0.47,-44.62,108.15,57.74,3.13,1.70,-6.51
-0.73,-1.03,0.19,-148.99,-53.22,-243.23,1.88,-6.49,-16.30
-0.70,-0.97,0.45,7.93,-11.54,103.45,3.14,-7.60,-12.20
-0.80,0.03,0.12,-22.03,-41.50,11.66,3.79,-8.31,-11.51
-0.64,-0.99,0.04,-20.94,-164.86,-173.58,-2.64,-11.06,-17.38
0.26,-1.18,0.10,10.31,-129.70,-21.42,-8.33,-12.81,-17.04
-0.14,-1.08,0.07,-103.52,-1.40,-72.27,-8.77,-18.69,-19.53
-0.46,-0.96,0.31,-77.27,207.58,72.51,1.08,-23.41,-19.61
-0.57,-0.36,0.64,-137.57,-26.18,71.53,2.76,-28.96,-16.65
-0.34,-0.59,0.66,-12.33,-102.36,28.75,0.48,-29.83,-13.66
-0.53,-0.66,0.67,-145.69,234.86,170.35,13.06,-36.08,-13.13
-0.63,0.40,0.30,44.86,66.59,187.32,21.12,-31.33,-7.77
-0.13,0.72,0.39,-154.05,215.39,135.38,31.61,-35.08,-7.11
-0.17,0.14,1.07,108.46,-98.27,-120.36,25.13,-30.08,-8.41
-0.11,0.91,0.44,59.27,-45.47,-45.59,22.93,-25.59,-8.18
-0.35,0.90,0.06,90.76,-176.82,-184.69,14.60,-21.25,-11.49
-0.61,-0.01,0.60,-43.82,-109.13,-124.63,9.88,-23.07,-14.39
0.42,0.75,0.37,39.86,-76.54,-24.72,5.66,-19.41,-13.87
0.63,0.46,0.51,-244.32,-13.92,-90.03,2.12,-27.88,-16.68
-0.13,0.60,-0.52,-70.50,-33.26,-218.38,-2.80,-29.84,-23.64
-1.09,-0.59,-0.66,-1.04,-21.36,-77.15,-3.37,-31.13,-25.82
-0.11,0.61,-0.04,-44.25,-11.17,222.17,1.16,-31.21,-18.11
0.23,0.28,0.66,-269.59,31.31,137.76,4.66,-40.00,-14.29
-0.67,-0.62,0.46,-200.38,97.47,58.90,10.40,-48.52,-15.47
0.21,0.08,-0.75,-1.22,-36.01,-30.33,8.23,-50.00,-15.43
-0.57,-0.99,0.22,155.03,-317.14,-72.94,-1.60,-44.32,-8.20
0.69,0.72,0.40,38.02,-119.57,-72.20,-8.52,-41.21,-7.15
0.43,0.76,0.16,23.56,-90.58,-185.85,-17.23,-37.71,-10.96
-0.88,0.45,0.14,3.17,16.30,-92.77,-17.11,-35.49,-14.75
-1.33,-0.25,0.28,-74.95,1.28,203.67,-9.83,-40.08,-8.26
0.43,0.68,0.96,-107.73,57.13,76.72,-6.84,-42.44,-7.80
-0.67,-0.26,0.86,-76.66,-78.67,-48.58,-8.91,-44.69,-7.16
-0.37,-0.85,0.20,-15.01,130.49,-91.06,-6.68,-45.54,-13.32
-0.14,-0.98,0.12,-139.04,92.96,-265.50,-11.60,-50.89,-23.09
0.04,-1.01,0.04,8.67,16.17,-59.63,-12.70,-51.51,-24.85
0.07,-0.90,-0.06,-60.00,-59.33,-16.24,-14.40,-55.82,-22.94
-0.56,-0.20,0.64,222.35,-96.68,137.33,-10.74,-47.34,-16.51
-0.29,0.88,0.20,194.70,-25.70,50.96,-9.68,-38.25,-14.58
-0.04,0.70,-0.64,59.51,-65.86,-26.06,-12.73,-35.74,-13.86
-0.09,0.83,-0.34,22.58,-70.56,157.59,-11.58,-35.09,-7.22
-0.03,0.18,1.01,-85.02,135.93,44.98,-5.77,-36.58,-9.31
-0.54,-0.19,0.93,-47.18,50.54,1.65,-2.83,-37.52,-10.57
-0.55,-0.39,0.04,-485.84,970.64,84.72,25.33,-63.33,-37.52
-0.50,0.20,1.04,-60.73,-70.19,-90.27,21.41,-63.02,-35.63
-0.46,-0.19,0.65,-7.57,-58.41,-89.42,17.89,-61.72,-34.63
-1.09,-0.05,0.25,174.19,-52.00,144.59,23.58,-52.44,-29.12
-0.65,0.65,0.41,137.27,-122.50,-76.72,19.61,-44.53,-26.53
-0.88,0.41,0.35,-13.67,-115.30,-83.07,15.86,-43.56,-25.22
-0.29,0.25,1.13,19.65,-39.49,43.70,16.03,-40.19,-22.23
0.01,0.76,0.82,18.92,-64.76,-97.35,11.48,-37.46,-23.03
-0.46,0.81,0.59,39.73,0.92,99.98,14.74,-33.00,-19.24
-0.39,0.39,0.96,-176.82,145.14,-22.89,19.34,-39.51,-23.16
-0.28,-0.87,0.21,259.89,123.66,-153.02,19.75,-33.32,-31.92
-0.84,-1.04,0.37,-69.64,4.82,140.32,23.87,-35.45,-27.47
-0.56,-0.50,0.91,-190.25,-88.62,34.42,22.15,-41.38,-23.81
-0.67,-0.39,0.73,-1.10,-37.96,35.52,22.61,-40.13,-21.40
-0.68,0.13,0.78,20.94,-30.21,47.18,23.75,-36.89,-18.39
-0.07,0.65,0.87,16.42,-67.14,14.89,21.74,-33.02,-15.23
0.76,0.71,0.75,-15.38,-160.46,76.90,16.48,-29.70,-8.26
0.03,0.80,-0.46,-47.42,-84.29,-86.49,12.32,-30.74,-9.25
-0.93,0.23,-0.36,-159.79,-18.37,-98.27,11.72,-37.71,-12.27
-0.75,0.19,0.79,-238.95,-42.05,253.30,18.34,-43.56,-3.03
0.25,0.54,0.87,-13.37,-1.77,-2.50,17.51,-41.84,-2.36
0.26,0.54,0.87,-3.54,-6.23,-4.27,16.48,-39.76,-1.67
0.14,0.49,0.87,4.09,17.94,-18.13,16.05,-37.70,-2.11
-0.50,0.46,-0.56,195.68,102.72,64.09,22.60,-29.87,-2.13
0.19,0.49,-0.10,115.36,-220.70,361.76,20.06,-17.03,16.38
0.48,0.07,0.95,96.62,19.17,-84.47,18.27,-13.60,12.94
0.05,0.42,0.95,-11.47,-29.11,-22.34,16.27,-12.80,12.75
-0.28,0.39,0.83,112.30,28.63,-93.38,16.84,-8.09,9.11
-0.47,0.26,0.91,-14.04,-24.60,-124.27,15.56,-9.16,4.40
-0.50,-0.02,1.01,-10.99,-20.26,-35.83,14.95,-9.66,3.15
-0.40,0.29,0.91,10.86,67.44,10.50,18.03,-8.21,3.41
-0.40,0.13,0.97,-22.95,-14.89,-7.81,17.59,-8.59,3.37
-0.31,0.03,1.02,-8.61,20.14,-10.50,18.29,-8.70,2.93
-0.41,0.11,0.97,32.78,-6.90,56.58,18.50,-6.06,5.52
-0.43,0.19,0.95,-8.48,-3.72,-8.42,18.56,-5.84,5.40
-0.42,0.17,0.94,-14.04,7.87,-8.36,19.08,-5.94,5.20
-0.37,0.14,0.97,-10.25,-26.06,-8.79,18.05,-5.91,5.11
-0.26,0.15,1.01,-5.07,-28.14,-11.60,16.76,-5.66,4.93
-0.13,0.15,1.05,-3.11,-17.76,-10.01,15.65,-5.31,4.74
-0.25,0.19,1.03,-7.63,15.50,-6.41,16.18,-5.08,4.59
-0.48,0.20,0.91,-13.43,-1.95,-11.47,16.51,-5.12,4.30
-0.43,0.16,0.96,-20.20,-11.23,-13.43,16.32,-5.53,3.94
-0.37,0.06,0.99,-6.90,-14.22,-11.41,15.88,-5.58,3.62
-0.17,0.06,1.03,-5.92,-43.03,-15.50,13.86,-5.58,3.25
-0.04,0.07,1.04,-2.93,8.73,-26.55,13.64,-5.57,2.23
-0.17,0.86,0.40,-20.87,109.56,147.46,18.71,-2.73,8.43
0.08,0.51,0.76,38.15,-98.33,-226.68,13.63,-2.37,-0.34
-0.66,0.68,0.60,-14.40,-2.69,24.11,14.56,-1.22,1.02
-1.02,-0.16,0.84,-292.72,700.07,157.35,43.61,-11.45,4.30
0.30,-1.00,-0.10,97.90,92.22,116.52,47.26,-6.55,7.86
-0.63,-0.42,0.86,223.57,4.27,-20.51,46.93,0.50,5.93
-0.33,0.96,0.19,118.65,-62.26,-23.62,44.61,7.11,6.58
-0.63,0.46,-0.42,40.83,-158.75,25.94,39.97,10.61,7.97
1.23,0.04,-0.97,9.22,460.82,-7.02,57.30,15.94,14.21
-0.22,0.90,-0.10,-9.95,-34.42,-109.37,57.01,12.44,9.14
-0.44,0.51,0.94,2.38,7.51,159.12,54.12,22.45,20.79
-0.87,0.04,0.93,30.88,77.51,-50.05,57.33,21.65,18.74
-0.48,0.56,0.54,227.42,-120.73,106.20,50.28,33.97,22.24
-0.81,0.04,0.46,-108.64,148.56,-112.49,58.05,27.51,20.09
-1.30,-0.78,0.01,330.69,-55.24,-250.67,61.66,21.02,-1.94
-0.85,-0.46,0.27,165.41,3.72,292.54,56.49,42.37,15.91
2.22,0.73,-0.00,66.59,-224.79,160.22,44.11,44.04,14.19
0.35,0.39,0.65,-145.39,298.16,58.65,48.56,48.20,28.42
0.30,0.50,0.84,-4.46,-18.68,-17.03,46.53,45.96,26.24
0.33,0.49,0.82,-1.28,15.50,0.06,44.95,45.56,26.30
0.09,0.09,1.09,-184.45,-30.52,15.87,42.20,35.98,24.55
0.15,-0.59,1.21,154.54,21.61,-24.29,42.61,39.18,22.36
-0.70,0.49,0.72,-17.21,60.00,-167.91,48.35,34.24,16.59
-0.46,0.12,0.97,-15.56,-41.93,-14.77,46.50,30.72,13.49
-0.44,0.16,1.01,6.10,25.09,-7.57,46.71,30.09,13.03
0.54,0.58,0.69,33.51,99.91,197.14,43.20,40.47,25.46
0.33,0.21,1.01,30.09,99.61,10.86,44.07,43.00,28.53
-0.92,-0.10,0.92,79.90,-7.93,-46.63,45.51,42.88,25.09
-0.70,0.97,0.07,160.34,-226.32,-33.51,39.90,44.32,16.48
-0.92,-0.40,0.77,-159.12,268.13,240.54,41.30,48.44,34.18
-1.62,-0.53,-0.21,215.15,-197.27,72.33,36.20,53.29,28.56
-0.29,0.79,0.15,-250.31,279.17,116.70,38.55,53.47,43.97
-0.46,-0.16,0.46,-215.45,-69.58,79.83,35.15,42.88,42.68

